1.26987e-05
5.07949e-05
8.88911e-05
0.000114289
0.00415249
0.0162036
0.0362549
0.0163179
0.0363946
0.0404709
0.0445218
0.0485981
0.0726622
0.0767385
0.0848022
0.0928912
0.136943
0.132994
0.177058
0.16516
0.197199
0.189275
0.201338
0.209339
0.237403
0.241466
0.225542
0.241593
0.24167
0.233746
0.237797
0.241873
0.261937
0.278013
0.270077
0.282128
0.28628
0.330332
0.306395
0.330485
0.358536
0.330599
0.370663
0.390727
0.290826
0.29889
0.318941
0.302979
0.319094
0.291144
0.367184
0.339272
0.371349
0.367413
0.355476
0.323526
0.34759
0.351666
0.303741
0.323792
0.239866
0.199929