0.190481
0.761924
1.33337
1.71433
2.2873	
3.05379
3.82334
4.76812
5.91863
7.06304
7.82648
8.97089
9.93244
11.0769
12.0323
13.3687
14.1474
14.9078
15.877	
17.3963
17.9799
19.1197
20.0767
20.0797
21.0428
21.9967
23.1335
23.9016
25.0444
26.1843
26.9477
28.0921
29.0522
30.2011
31.1505
31.917	
34.2043
34.983	
35.9262
37.2688
38.0413
38.9831
39.9507
40.9108
42.3965
43.352	
44.1215
44.6868
46.4073
47.1585
47.7589
49.0816
50.2367
51.1876
52.1354
52.8852
53.8467
54.9911
56.1157
56.8853
57.9961
58.9333